<?xml version="1.0"?>
<opencv_storage>
<calibration_time>"Sat Sep 23 14:33:55 2017"</calibration_time>
<nr_of_frames>7</nr_of_frames>
<image_width>640</image_width>
<image_height>480</image_height>
<board_width>9</board_width>
<board_height>6</board_height>
<square_size>50.</square_size>
<fix_aspect_ratio>1.</fix_aspect_ratio>
<!-- flags: +fix_aspectRatio +fix_principal_point +zero_tangent_dist +fix_k4 +fix_k5 -->
<flags>6158</flags>
<fisheye_model>0</fisheye_model>
<camera_matrix type_id="opencv-matrix">
  <rows>3</rows>
  <cols>3</cols>
  <dt>d</dt>
  <data>
    6.9547801017909603e+02 0. 320.
    0. 6.9547801017909603e+02 240.
    0. 0.1.
    </data></camera_matrix>
<distortion_coefficients type_id="opencv-matrix">
  <rows>5</rows>
  <cols>1</cols>
  <dt>d</dt>
  <data>
    1.8131276473646885e-01 -1.0926781150175415e+00 0. 0.
    3.0507167759229330e+00</data></distortion_coefficients>
<avg_reprojection_error>3.5637769064754182e-01</avg_reprojection_error>
<per_view_reprojection_errors type_id="opencv-matrix">
  <rows>7</rows>
  <cols>1</cols>
  <dt>f</dt>
  <data>
    3.58180851e-01 3.99177045e-01 4.89336550e-01 1.84838310e-01
    3.27284306e-01 3.21800202e-01 3.42218876e-01</data></per_view_reprojection_errors>
<!-- a set of 6-tuples (rotation vector + translation vector) for each view -->
<extrinsic_parameters type_id="opencv-matrix">
  <rows>7</rows>
  <cols>6</cols>
  <dt>d</dt>
  <data>
    -3.4514696978831846e-02 -2.9293847819594761e-02
    -2.4407724740996509e-02 -2.2356530336282756e+02
    -1.4754978486591520e+02 8.8299429070373458e+02
    -7.3636741525203539e-02 -2.2121577123640926e-01
    -9.9065532908275370e-05 -3.1723738179280690e+02
    -1.6102382412083105e+02 9.1808293605949018e+02
    2.3106830066989614e-01 -1.1968921834852440e-01
    2.2749418877583992e-02 -2.9236478471487828e+02
    -2.1367206649361748e+02 8.2599895092303279e+02
    7.3987584059963765e-02 -9.3389210304337639e-02
    1.6061913783474277e-01 -3.0632428128912068e+02
    -2.2194419712998285e+02 9.6847856040091528e+02
    2.5545922668522597e-01 -5.5194883795903364e-02
    4.3338247687922722e-02 -3.3190376650090928e+02
    -2.2628206052075578e+02 9.9369103673712414e+02
    -1.8709342950691918e-01 -3.0985421084155823e-01
    2.7942983419544029e-03 -3.5554402683511654e+02
    -4.6492662154655314e+01 1.0297345249206403e+03
    -5.5415059311879129e-02 -1.6851068577212153e-02
    -1.9948981393581701e-03 -2.5046546194191745e+02
    -9.1669967819643190e+01 1.0161554880055311e+03</data></extrinsic_parameters>
<image_points type_id="opencv-matrix">
  <rows>7</rows>
  <cols>54</cols>
  <dt>"2f"</dt>
  <data>
    1.41818954e+02 1.22326523e+02 1.81911697e+02 1.22086304e+02
    2.21986160e+02 1.21638817e+02 2.61718994e+02 1.21087578e+02
    3.01111267e+02 1.20506248e+02 3.40054840e+02 1.19808243e+02
    3.79429535e+02 1.18829842e+02 4.18529114e+02 1.18045776e+02
    4.58004547e+02 1.17007813e+02 1.42864120e+02 1.62088562e+02
    1.82845352e+02 1.61274323e+02 2.22911880e+02 1.61102417e+02
    2.62972321e+02 1.60123398e+02 3.02032593e+02 1.59588593e+02
    3.40999542e+02 1.58856369e+02 3.80485046e+02 1.57974350e+02
    4.19815186e+02 1.56921524e+02 4.59020325e+02 1.56020752e+02
    1.43836182e+02 2.01712997e+02 1.84087494e+02 2.00965408e+02
    2.23949127e+02 2.00094955e+02 2.64008728e+02 1.99503983e+02
    3.03119629e+02 1.98909958e+02 3.42155090e+02 1.97854630e+02
    3.81696930e+02 1.97025818e+02 4.20833832e+02 1.96102997e+02
    4.60633087e+02 1.95744705e+02 1.44790298e+02 2.41580231e+02
    1.84908356e+02 2.40787918e+02 2.25107330e+02 2.39863159e+02
    2.64959167e+02 2.39014618e+02 3.04244354e+02 2.37985199e+02
    3.43386017e+02 2.37056274e+02 3.82879547e+02 2.36268311e+02
    4.22127045e+02 2.35416626e+02 4.61530304e+02 2.34676331e+02
    1.45570679e+02 2.81557709e+02 1.85828445e+02 2.80474609e+02
    2.25980637e+02 2.79458801e+02 2.65852570e+02 2.78545227e+02
    3.05375458e+02 2.77626129e+02 3.44572174e+02 2.76764862e+02
    3.84185425e+02 2.75833344e+02 4.23389679e+02 2.74911804e+02
    4.63110931e+02 2.74029572e+02 1.45769897e+02 3.21957062e+02
    1.86709885e+02 3.20385895e+02 2.26822006e+02 3.19280884e+02
    2.66763458e+02 3.17934967e+02 3.06472534e+02 3.16998322e+02
    3.46055847e+02 3.16177124e+02 3.85437836e+02 3.15077454e+02
    4.25078156e+02 3.14128662e+02 4.64433685e+02 3.13235077e+02
    7.63653259e+01 1.16257851e+02 1.16290955e+02 1.18336288e+02
    1.55432739e+02 1.20143723e+02 1.93672668e+02 1.22198364e+02
    2.30601425e+02 1.24014030e+02 2.66766266e+02 1.25670364e+02
    3.02381470e+02 1.27353561e+02 3.36797577e+02 1.28671600e+02
    3.70580200e+02 1.30349884e+02 7.58759918e+01 1.54225845e+02
    1.16245171e+02 1.55657928e+02 1.55493912e+02 1.57329102e+02
    1.93878250e+02 1.58756317e+02 2.30973114e+02 1.60182571e+02
    2.67089996e+02 1.61423264e+02 3.02567902e+02 1.62569885e+02
    3.37267731e+02 1.63820679e+02 3.70988495e+02 1.64760696e+02
    7.56719971e+01 1.92269165e+02 1.15870705e+02 1.93415115e+02
    1.55506165e+02 1.94458725e+02 1.93895737e+02 1.95465439e+02
    2.31118652e+02 1.96396286e+02 2.67372864e+02 1.97258896e+02
    3.02938690e+02 1.98088974e+02 3.37592102e+02 1.98870316e+02
    3.72286926e+02 2.00159592e+02 7.54422150e+01 2.30880890e+02
    1.15775726e+02 2.31548965e+02 1.55517456e+02 2.31949219e+02
    1.93843399e+02 2.32358337e+02 2.31368927e+02 2.33007767e+02
    2.67577271e+02 2.33250076e+02 3.03281433e+02 2.33943588e+02
    3.37979889e+02 2.34172958e+02 3.72037750e+02 2.34555420e+02
    7.48059921e+01 2.69633057e+02 1.15440712e+02 2.69664917e+02
    1.55316071e+02 2.69598907e+02 1.93838074e+02 2.69686249e+02
    2.31479752e+02 2.69569672e+02 2.67835510e+02 2.69694458e+02
    3.03648682e+02 2.69597107e+02 3.38467438e+02 2.69713165e+02
    3.72671875e+02 2.69705139e+02 7.41811218e+01 3.08610168e+02
    1.15131912e+02 3.08012390e+02 1.54905914e+02 3.07434082e+02
    1.93931595e+02 3.07038300e+02 2.31453568e+02 3.06485107e+02
    2.68030151e+02 3.05949310e+02 3.04006195e+02 3.05760040e+02
    3.38952576e+02 3.05286041e+02 3.73228210e+02 3.05049622e+02
    6.99319305e+01 5.67437744e+01 1.14186348e+02 5.88136940e+01
    1.57821457e+02 6.06964798e+01 2.00511459e+02 6.27880020e+01
    2.42555771e+02 6.45379562e+01 2.83553131e+02 6.63011475e+01
    3.24480286e+02 6.81430969e+01 3.64356995e+02 6.95568848e+01
    4.03952209e+02 7.08157578e+01 7.24553986e+01 1.00648117e+02
    1.15792854e+02 1.02049232e+02 1.58776794e+02 1.03980789e+02
    2.00878113e+02 1.05561218e+02 2.42171631e+02 1.06940224e+02
    2.82894348e+02 1.08628296e+02 3.22905823e+02 1.09857307e+02
    3.62179382e+02 1.11061729e+02 4.01136963e+02 1.12223045e+02
    7.46213608e+01 1.43202072e+02 1.17547882e+02 1.44656296e+02
    1.59921707e+02 1.45973999e+02 2.01361130e+02 1.47033600e+02
    2.42076797e+02 1.48265976e+02 2.81857544e+02 1.49412506e+02
    3.21109772e+02 1.50268600e+02 3.59918488e+02 1.51274048e+02
    3.99082489e+02 1.52686295e+02 7.66440353e+01 1.84871094e+02
    1.18914803e+02 1.85845474e+02 1.60835190e+02 1.86703278e+02
    2.01889297e+02 1.87445129e+02 2.41765030e+02 1.88260605e+02
    2.80985992e+02 1.89017776e+02 3.19829803e+02 1.89880066e+02
    3.58054077e+02 1.90313858e+02 3.95607544e+02 1.91110245e+02
    7.87362137e+01 2.25066803e+02 1.20561401e+02 2.25495209e+02
    1.61740814e+02 2.26014877e+02 2.01882690e+02 2.26507355e+02
    2.41454956e+02 2.27007660e+02 2.79958588e+02 2.27340469e+02
    3.18313354e+02 2.27910294e+02 3.55865326e+02 2.28147614e+02
    3.93190430e+02 2.28564453e+02 8.06427765e+01 2.63976807e+02
    1.21814453e+02 2.63963165e+02 1.62426483e+02 2.64027924e+02
    2.02050949e+02 2.64016052e+02 2.41067719e+02 2.64211578e+02
    2.79161987e+02 2.64413330e+02 3.16989868e+02 2.64610931e+02
    3.54124817e+02 2.64863312e+02 3.90856384e+02 2.65000610e+02
    9.73770905e+01 7.84189072e+01 1.34175888e+02 8.51498108e+01
    1.70521561e+02 9.17442093e+01 2.06549011e+02 9.85714645e+01
    2.42272949e+02 1.04951469e+02 2.77160645e+02 1.11397934e+02
    3.11734131e+02 1.17469894e+02 3.46199951e+02 1.23491722e+02
    3.80092621e+02 1.29403534e+02 9.23355408e+01 1.14665787e+02
    1.29012573e+02 1.21166054e+02 1.65379272e+02 1.27592613e+02
    2.01486633e+02 1.33936371e+02 2.36608246e+02 1.40391678e+02
    2.71616730e+02 1.46375916e+02 3.06343445e+02 1.52443268e+02
    3.40359680e+02 1.58142838e+02 3.74299011e+02 1.63709564e+02
    8.72254486e+01 1.50690659e+02 1.23984940e+02 1.57009872e+02
    1.60391708e+02 1.63193832e+02 1.96351028e+02 1.69359848e+02
    2.31435165e+02 1.75200623e+02 2.66346039e+02 1.81006729e+02
    3.00635010e+02 1.86783279e+02 3.34455505e+02 1.92487366e+02
    3.68740265e+02 1.98498932e+02 8.22534714e+01 1.86556488e+02
    1.18800812e+02 1.92577667e+02 1.55167450e+02 1.98481491e+02
    1.91134079e+02 2.04279556e+02 2.26316025e+02 2.09917084e+02
    2.60688721e+02 2.15523956e+02 2.95347443e+02 2.21215302e+02
    3.29010132e+02 2.26514938e+02 3.62522278e+02 2.31822556e+02
    7.72212982e+01 2.22030426e+02 1.13798302e+02 2.27608749e+02
    1.49938477e+02 2.33372620e+02 1.85680038e+02 2.38839157e+02
    2.20693466e+02 2.44391296e+02 2.55442581e+02 2.49702499e+02
    2.89701935e+02 2.55199188e+02 3.23494934e+02 2.60389587e+02
    3.56779419e+02 2.65512878e+02 7.21921234e+01 2.57450165e+02
    1.08595711e+02 2.62581238e+02 1.44739609e+02 2.68073914e+02
    1.80519455e+02 2.73242889e+02 2.15500854e+02 2.78586578e+02
    2.50140289e+02 2.83503418e+02 2.84261871e+02 2.88740723e+02
    3.18219177e+02 2.93766632e+02 3.51441101e+02 2.98767639e+02
    8.44442062e+01 7.89098740e+01 1.20638916e+02 8.10090561e+01
    1.56653870e+02 8.29716644e+01 1.92413696e+02 8.50885086e+01
    2.27682236e+02 8.68990707e+01 2.62662720e+02 8.90011292e+01
    2.97444153e+02 9.07192230e+01 3.31880524e+02 9.23992615e+01
    3.66039246e+02 9.39033890e+01 8.58306732e+01 1.15276047e+02
    1.21690872e+02 1.16928703e+02 1.57250443e+02 1.18787964e+02
    1.92528519e+02 1.20705795e+02 2.27226028e+02 1.22456825e+02
    2.61930267e+02 1.24194016e+02 2.96012634e+02 1.25991806e+02
    3.29941681e+02 1.27530655e+02 3.63600128e+02 1.29029785e+02
    8.73447723e+01 1.50390213e+02 1.22719276e+02 1.52170532e+02
    1.57880554e+02 1.53893951e+02 1.92716995e+02 1.55429825e+02
    2.26959534e+02 1.56960358e+02 2.60862915e+02 1.58539551e+02
    2.94714355e+02 1.60100784e+02 3.28053680e+02 1.61529617e+02
    3.61686554e+02 1.63502258e+02 8.86268311e+01 1.84636856e+02
    1.23743835e+02 1.86013626e+02 1.58237396e+02 1.87756943e+02
    1.92828049e+02 1.88992645e+02 2.26460693e+02 1.90731567e+02
    2.60047760e+02 1.92002899e+02 2.93192291e+02 1.93215134e+02
    3.26177521e+02 1.94666840e+02 3.58989380e+02 1.95909790e+02
    8.97602005e+01 2.17889038e+02 1.24524612e+02 2.19420792e+02
    1.58958939e+02 2.20983780e+02 1.92780197e+02 2.22026764e+02
    2.26065384e+02 2.23173889e+02 2.58942993e+02 2.24456741e+02
    2.92135742e+02 2.25705978e+02 3.24321869e+02 2.26798416e+02
    3.56714935e+02 2.27951660e+02 9.13686371e+01 2.50535355e+02
    1.25358963e+02 2.51469223e+02 1.59096283e+02 2.52545151e+02
    1.92649643e+02 2.53733551e+02 2.25718353e+02 2.54667831e+02
    2.58137970e+02 2.55899261e+02 2.90802246e+02 2.56974213e+02
    3.22730286e+02 2.58065674e+02 3.54770447e+02 2.59020966e+02
    7.65420074e+01 2.08081146e+02 1.12477074e+02 2.09605301e+02
    1.47477417e+02 2.11344421e+02 1.81403366e+02 2.12707230e+02
    2.13985413e+02 2.14370621e+02 2.45591690e+02 2.15488754e+02
    2.76528168e+02 2.16749359e+02 3.06518280e+02 2.18278793e+02
    3.35574799e+02 2.19456024e+02 7.55653839e+01 2.41582428e+02
    1.11709885e+02 2.42716934e+02 1.46998215e+02 2.43655380e+02
    1.81388123e+02 2.44872009e+02 2.14023544e+02 2.45638931e+02
    2.45927216e+02 2.46624710e+02 2.77089264e+02 2.47544983e+02
    3.07280273e+02 2.48563583e+02 3.36429565e+02 2.49405441e+02
    7.44581604e+01 2.75952698e+02 1.10923317e+02 2.76519165e+02
    1.46467575e+02 2.76939423e+02 1.81017136e+02 2.77467773e+02
    2.13992126e+02 2.77877960e+02 2.46189758e+02 2.78434326e+02
    2.77553497e+02 2.78791229e+02 3.07704559e+02 2.79412354e+02
    3.37693787e+02 2.79881439e+02 7.33956223e+01 3.10717590e+02
    1.10191315e+02 3.10665619e+02 1.45812637e+02 3.10621552e+02
    1.80581589e+02 3.10673920e+02 2.13983627e+02 3.10583466e+02
    2.46422119e+02 3.10554352e+02 2.77935791e+02 3.10592163e+02
    3.08519257e+02 3.10587982e+02 3.38352844e+02 3.10684235e+02
    7.21550522e+01 3.46406525e+02 1.09191925e+02 3.45636414e+02
    1.45357101e+02 3.45143280e+02 1.80123505e+02 3.44550629e+02
    2.13991882e+02 3.43887268e+02 2.46542679e+02 3.43387909e+02
    2.78452820e+02 3.42727905e+02 3.09275452e+02 3.42594147e+02
    3.39357361e+02 3.42335114e+02 7.05109558e+01 3.82477264e+02
    1.08062912e+02 3.81098572e+02 1.44347397e+02 3.79989594e+02
    1.79618439e+02 3.78715454e+02 2.13569809e+02 3.77748474e+02
    2.46558624e+02 3.76619446e+02 2.78642853e+02 3.75638367e+02
    3.09989227e+02 3.74709503e+02 3.40302673e+02 3.74124207e+02
    1.46882935e+02 1.76750565e+02 1.81892105e+02 1.76905121e+02
    2.16498779e+02 1.77033203e+02 2.51014542e+02 1.77083481e+02
    2.85099030e+02 1.77288742e+02 3.19045441e+02 1.77404190e+02
    3.53360901e+02 1.77323975e+02 3.87762054e+02 1.77249207e+02
    4.21888855e+02 1.77144318e+02 1.46794022e+02 2.11060059e+02
    1.81759781e+02 2.11044464e+02 2.16430939e+02 2.11143158e+02
    2.51000381e+02 2.11133759e+02 2.85276337e+02 2.11029419e+02
    3.19237274e+02 2.11106964e+02 3.53810730e+02 2.11121628e+02
    3.87912903e+02 2.11141510e+02 4.21951538e+02 2.11240860e+02
    1.46544098e+02 2.45188995e+02 1.81571777e+02 2.45238159e+02
    2.16265320e+02 2.45221451e+02 2.50872360e+02 2.45351776e+02
    2.85441254e+02 2.45258987e+02 3.19595184e+02 2.45392029e+02
    3.54021515e+02 2.45369507e+02 3.88042725e+02 2.45408478e+02
    4.23434540e+02 2.45684219e+02 1.45838089e+02 2.80144196e+02
    1.81291809e+02 2.80070587e+02 2.16134918e+02 2.79935181e+02
    2.51139374e+02 2.79960785e+02 2.85480896e+02 2.80031067e+02
    3.19944977e+02 2.79902069e+02 3.54136139e+02 2.79959717e+02
    3.88901764e+02 2.79901276e+02 4.23068359e+02 2.79890991e+02
    1.45777863e+02 3.15194641e+02 1.80792068e+02 3.15167236e+02
    2.15880585e+02 3.14760529e+02 2.51025421e+02 3.14696716e+02
    2.85877289e+02 3.14445160e+02 3.19895203e+02 3.14349121e+02
    3.54962189e+02 3.14251404e+02 3.89053802e+02 3.14250916e+02
    4.23896851e+02 3.14324127e+02 1.44873779e+02 3.50352814e+02
    1.80641708e+02 3.50119232e+02 2.15776199e+02 3.50152374e+02
    2.50936371e+02 3.49361969e+02 2.85823639e+02 3.49213074e+02
    3.20269623e+02 3.49128326e+02 3.55002258e+02 3.49178894e+02
    3.90021759e+02 3.49183502e+02 4.24418457e+02 3.49257782e+02</data></image_points>
</opencv_storage>
