<?xml version="1.0"?>
<opencv_storage>
<calibration_time>"Mon Sep 11 22:35:11 2017"</calibration_time>
<nr_of_frames>9</nr_of_frames>
<image_width>800</image_width>
<image_height>600</image_height>
<board_width>9</board_width>
<board_height>6</board_height>
<square_size>50.</square_size>
<fix_aspect_ratio>1.</fix_aspect_ratio>
<!-- flags: +fix_aspectRatio +fix_principal_point +zero_tangent_dist +fix_k4 +fix_k5 -->
<flags>6158</flags>
<fisheye_model>0</fisheye_model>
<camera_matrix type_id="opencv-matrix">
  <rows>3</rows>
  <cols>3</cols>
  <dt>d</dt>
  <data>
    1.8150418106106838e+03 0. 400. 0. 1.8150418106106838e+03 300. 0. 0.
    1.</data></camera_matrix>
<distortion_coefficients type_id="opencv-matrix">
  <rows>5</rows>
  <cols>1</cols>
  <dt>d</dt>
  <data>
    -1.0641672580850470e+00 7.8711881571972157e+01 0. 0.
    -1.6508547901751426e+03</data></distortion_coefficients>
<avg_reprojection_error>4.2636253020686219e+00</avg_reprojection_error>
<per_view_reprojection_errors type_id="opencv-matrix">
  <rows>9</rows>
  <cols>1</cols>
  <dt>f</dt>
  <data>
    4.59984875e+00 5.17630339e+00 3.37084103e+00 2.04713225e+00
    6.03483105e+00 5.61273813e+00 5.97754419e-01 4.95735168e+00
    2.69180322e+00</data></per_view_reprojection_errors>
<!-- a set of 6-tuples (rotation vector + translation vector) for each view -->
<extrinsic_parameters type_id="opencv-matrix">
  <rows>9</rows>
  <cols>6</cols>
  <dt>d</dt>
  <data>
    6.3762776225275664e-01 6.3314811148052277e-02
    -2.8990826724810415e+00 1.4244677981547829e+02
    1.5095512395356153e+02 1.5805147203828399e+03 5.9627578444984031e-01
    3.2468626916566441e-02 -2.9571759188172071e+00
    1.8053015172289622e+02 1.5327427023837794e+02 1.6902694643457555e+03
    4.6970125760615600e-01 -1.5684243076296089e-01
    3.0743629097055041e+00 2.1857073042261848e+02 1.1282993466780378e+02
    1.8416357546338465e+03 8.9684707961162213e-01 3.3340095487449206e-01
    -2.8948462631677350e+00 2.1728382768185253e+02
    1.5200675128654547e+02 1.5647145830992238e+03 2.9491869494605211e-02
    -5.0683701546191484e-01 3.0349832885627706e+00
    1.8081976275994992e+02 9.4643023692906638e+01 1.5299430629996098e+03
    7.8650326215990629e-01 -7.8038380310008915e-01
    2.8675970105968482e+00 1.9802238818688983e+02 1.3370127443307771e+02
    1.2324957071415624e+03 8.1818942446515863e-01
    -1.3306874588243395e-01 2.7830239683621527e+00
    2.1577077108541795e+02 1.0158824756869572e+02 1.2609684504881573e+03
    -5.6271481270660884e-01 -4.9768802212209674e-02
    -2.9680501327124933e+00 1.1331426808534422e+02
    1.5449373451340892e+02 1.6040206566669988e+03 5.5699603909873729e-01
    3.3916678360058655e-01 -2.7901520788762175e+00
    1.0038295296115687e+02 2.0739874477643099e+02 1.7870709262439859e+03</data></extrinsic_parameters>
<image_points type_id="opencv-matrix">
  <rows>9</rows>
  <cols>54</cols>
  <dt>"2f"</dt>
  <data>
    5.64679443e+02 4.81895782e+02 5.12197083e+02 4.73045624e+02
    4.59465240e+02 4.63961365e+02 4.05749451e+02 4.54720703e+02
    3.52021698e+02 4.44816620e+02 2.98192566e+02 4.36092468e+02
    2.43777237e+02 4.26987854e+02 1.87595230e+02 4.18006409e+02
    1.32623383e+02 4.08861816e+02 5.75325989e+02 4.22157593e+02
    5.22656921e+02 4.12528076e+02 4.70294647e+02 4.03226501e+02
    4.16449921e+02 3.94176147e+02 3.63056091e+02 3.84933533e+02
    3.09330109e+02 3.76012268e+02 2.53984055e+02 3.66862549e+02
    1.98677750e+02 3.57339722e+02 1.42989548e+02 3.48020020e+02
    5.86283630e+02 3.62827271e+02 5.33608948e+02 3.53264862e+02
    4.81120941e+02 3.43949677e+02 4.27627167e+02 3.34334778e+02
    3.74123291e+02 3.25108093e+02 3.19973236e+02 3.15474823e+02
    2.64991302e+02 3.06205994e+02 2.10062073e+02 2.96763702e+02
    1.53824371e+02 2.87154694e+02 5.97370911e+02 3.02957550e+02
    5.44908325e+02 2.93553131e+02 4.91960907e+02 2.83826874e+02
    4.38446686e+02 2.74248108e+02 3.84775726e+02 2.64374664e+02
    3.30664337e+02 2.54807709e+02 2.75532318e+02 2.44754974e+02
    2.20826736e+02 2.35335068e+02 1.64332611e+02 2.25480789e+02
    6.09117432e+02 2.43779907e+02 5.55738831e+02 2.34030075e+02
    5.02505859e+02 2.23952332e+02 4.48956512e+02 2.14007202e+02
    3.95635895e+02 2.04180893e+02 3.41162811e+02 1.94070053e+02
    2.86189575e+02 1.84085419e+02 2.31239227e+02 1.74065414e+02
    1.75012451e+02 1.64181381e+02 6.19988708e+02 1.84315628e+02
    5.66438477e+02 1.74211395e+02 5.13570068e+02 1.64093842e+02
    4.60080383e+02 1.53981964e+02 4.06185852e+02 1.42635406e+02
    3.51763397e+02 1.32496033e+02 2.97152710e+02 1.22277664e+02
    2.41618027e+02 1.12060921e+02 1.85609161e+02 1.01819527e+02
    5.95568054e+02 4.74093048e+02 5.45438965e+02 4.67816956e+02
    4.94705933e+02 4.60900024e+02 4.43265778e+02 4.54244446e+02
    3.93006500e+02 4.46875427e+02 3.42368591e+02 4.40413605e+02
    2.91351898e+02 4.34119141e+02 2.40625381e+02 4.27870209e+02
    1.89391495e+02 4.21765289e+02 6.04185120e+02 4.17254761e+02
    5.51790527e+02 4.09905823e+02 5.01441589e+02 4.03317291e+02
    4.51037506e+02 3.96962463e+02 4.00411682e+02 3.90388031e+02
    3.49607605e+02 3.84043640e+02 2.98252930e+02 3.77758820e+02
    2.47966705e+02 3.71549622e+02 1.96188736e+02 3.64862366e+02
    6.11034058e+02 3.60372162e+02 5.59615662e+02 3.53528503e+02
    5.09420074e+02 3.47322815e+02 4.57853699e+02 3.40395081e+02
    4.06686035e+02 3.33826935e+02 3.56655365e+02 3.27691437e+02
    3.05849396e+02 3.21475708e+02 2.55261063e+02 3.14787476e+02
    2.04510315e+02 3.08532410e+02 6.18538147e+02 3.03311127e+02
    5.66587036e+02 2.97103088e+02 5.15961243e+02 2.89972443e+02
    4.64991241e+02 2.83644623e+02 4.14757446e+02 2.77570892e+02
    3.64220917e+02 2.71113373e+02 3.12661652e+02 2.64370331e+02
    2.61618683e+02 2.58157410e+02 2.11519196e+02 2.52335205e+02
    6.25898621e+02 2.47384384e+02 5.73742737e+02 2.40230179e+02
    5.23177551e+02 2.33717072e+02 4.72409973e+02 2.27478058e+02
    4.21515259e+02 2.20943726e+02 3.70808929e+02 2.14325241e+02
    3.19728455e+02 2.08037735e+02 2.69378204e+02 2.02193329e+02
    2.18823257e+02 1.95433655e+02 6.32526733e+02 1.90571075e+02
    5.81318176e+02 1.83949173e+02 5.30479919e+02 1.77557556e+02
    4.79658478e+02 1.71118607e+02 4.28607819e+02 1.64356445e+02
    3.77926361e+02 1.58021194e+02 3.27022949e+02 1.52144241e+02
    2.76296661e+02 1.44324554e+02 2.25566910e+02 1.38043747e+02
    6.06312134e+02 4.07669556e+02 5.60335083e+02 4.07756287e+02
    5.15689697e+02 4.07902557e+02 4.70718506e+02 4.08424896e+02
    4.26603088e+02 4.08665222e+02 3.82951508e+02 4.09036407e+02
    3.40087677e+02 4.09421295e+02 2.96372559e+02 4.09814758e+02
    2.53171951e+02 4.10269318e+02 6.06865845e+02 3.61602264e+02
    5.60608582e+02 3.62007599e+02 5.15529602e+02 3.62531311e+02
    4.70267822e+02 3.62821564e+02 4.25666107e+02 3.63301270e+02
    3.80668121e+02 3.63867493e+02 3.36444000e+02 3.64351044e+02
    2.92761993e+02 3.64973450e+02 2.49475906e+02 3.65646698e+02
    6.07660217e+02 3.14224304e+02 5.60769531e+02 3.14811493e+02
    5.15161987e+02 3.15270966e+02 4.69414307e+02 3.16308899e+02
    4.23460449e+02 3.17094086e+02 3.79314819e+02 3.17636200e+02
    3.33301544e+02 3.18170135e+02 2.89332764e+02 3.18849548e+02
    2.45410278e+02 3.19574829e+02 6.09200500e+02 2.65185211e+02
    5.60903320e+02 2.66287048e+02 5.14640625e+02 2.67053070e+02
    4.67873383e+02 2.67945801e+02 4.21643433e+02 2.68538635e+02
    3.75961243e+02 2.69317047e+02 3.30503387e+02 2.70385529e+02
    2.85604889e+02 2.71655365e+02 2.41176010e+02 2.72544983e+02
    6.10436279e+02 2.14973267e+02 5.61154541e+02 2.16396332e+02
    5.14499695e+02 2.17386398e+02 4.66560120e+02 2.17998383e+02
    4.20484558e+02 2.19054733e+02 3.74468689e+02 2.20045029e+02
    3.27439362e+02 2.21693649e+02 2.81497314e+02 2.22719833e+02
    2.36608139e+02 2.23583511e+02 6.11363708e+02 1.63517319e+02
    5.61510620e+02 1.64477814e+02 5.13586853e+02 1.65942245e+02
    4.65725739e+02 1.67357193e+02 4.18022430e+02 1.68382568e+02
    3.71062469e+02 1.69437637e+02 3.24389832e+02 1.70930542e+02
    2.77676086e+02 1.72460190e+02 2.31613159e+02 1.73598846e+02
    6.47416382e+02 4.74563751e+02 6.05213562e+02 4.76319336e+02
    5.60022583e+02 4.78538269e+02 5.13571350e+02 4.80278625e+02
    4.66126892e+02 4.82638153e+02 4.15808197e+02 4.84573578e+02
    3.64234894e+02 4.87137909e+02 3.10021729e+02 4.89487488e+02
    2.53405090e+02 4.92370941e+02 6.59143066e+02 4.19976349e+02
    6.16297791e+02 4.20736542e+02 5.70579956e+02 4.21875305e+02
    5.24033386e+02 4.22849945e+02 4.75710968e+02 4.23356873e+02
    4.25359772e+02 4.24343048e+02 3.72471191e+02 4.25704926e+02
    3.17349243e+02 4.27214600e+02 2.60385895e+02 4.28132751e+02
    6.70601318e+02 3.65315643e+02 6.27112732e+02 3.64728485e+02
    5.81238892e+02 3.64507660e+02 5.34405579e+02 3.64297211e+02
    4.85642090e+02 3.64167419e+02 4.34944458e+02 3.63607056e+02
    3.81484528e+02 3.63595398e+02 3.25757019e+02 3.63362122e+02
    2.68427002e+02 3.63329773e+02 6.82207397e+02 3.08507263e+02
    6.38586914e+02 3.07452484e+02 5.92478271e+02 3.05550964e+02
    5.45073792e+02 3.04269165e+02 4.95806305e+02 3.02785522e+02
    4.44637939e+02 3.01110413e+02 3.90558105e+02 2.99441711e+02
    3.34593506e+02 2.97910797e+02 2.75747772e+02 2.96504852e+02
    6.94553955e+02 2.51142792e+02 6.50501099e+02 2.48283844e+02
    6.04946655e+02 2.45741867e+02 5.55844360e+02 2.42735794e+02
    5.06342987e+02 2.39929428e+02 4.54474457e+02 2.37319763e+02
    3.99714386e+02 2.33747360e+02 3.42977448e+02 2.30836990e+02
    2.84272278e+02 2.27778976e+02 7.06891663e+02 1.92330994e+02
    6.62377869e+02 1.88095108e+02 6.16624939e+02 1.84093140e+02
    5.66727783e+02 1.79677475e+02 5.17132935e+02 1.75505692e+02
    4.64871185e+02 1.71414063e+02 4.09658813e+02 1.66887589e+02
    3.51700928e+02 1.61904205e+02 2.92321198e+02 1.57293762e+02
    6.00407898e+02 4.11344177e+02 5.44893433e+02 4.14336670e+02
    4.89643829e+02 4.17691101e+02 4.33294983e+02 4.21101563e+02
    3.77700897e+02 4.24123627e+02 3.21958374e+02 4.27714600e+02
    2.66873993e+02 4.31272858e+02 2.11424652e+02 4.34475830e+02
    1.55460800e+02 4.37881073e+02 6.03465515e+02 3.58902771e+02
    5.45632446e+02 3.62591278e+02 4.88488800e+02 3.65868988e+02
    4.30878754e+02 3.68991272e+02 3.74427490e+02 3.72610382e+02
    3.17115204e+02 3.76351501e+02 2.59923065e+02 3.79492157e+02
    2.02869919e+02 3.82975739e+02 1.45247528e+02 3.87151794e+02
    6.06169739e+02 3.04102722e+02 5.46215149e+02 3.07642242e+02
    4.87223663e+02 3.10956818e+02 4.29034729e+02 3.14279968e+02
    3.70328400e+02 3.18106445e+02 3.11395325e+02 3.21710052e+02
    2.52486984e+02 3.25133911e+02 1.93277191e+02 3.28758331e+02
    1.34788605e+02 3.32718781e+02 6.08672913e+02 2.45371033e+02
    5.46775757e+02 2.49014603e+02 4.86497711e+02 2.52696335e+02
    4.25644775e+02 2.56454437e+02 3.65593231e+02 2.59913452e+02
    3.05325897e+02 2.63551758e+02 2.44616867e+02 2.67619232e+02
    1.83804199e+02 2.71677582e+02 1.23716087e+02 2.75030701e+02
    6.11470093e+02 1.83632339e+02 5.47943359e+02 1.87595291e+02
    4.85705780e+02 1.91389099e+02 4.22797028e+02 1.94879822e+02
    3.60676575e+02 1.98589676e+02 2.99155060e+02 2.02610992e+02
    2.36271027e+02 2.07054886e+02 1.73545197e+02 2.10505600e+02
    1.11618187e+02 2.14427414e+02 6.14295288e+02 1.17163612e+02
    5.49485107e+02 1.21237961e+02 4.84888672e+02 1.24732018e+02
    4.20347198e+02 1.28539078e+02 3.56216827e+02 1.32592407e+02
    2.91858307e+02 1.36788376e+02 2.27052505e+02 1.41291534e+02
    1.62688736e+02 1.45371582e+02 9.93890305e+01 1.50272232e+02
    6.81241089e+02 4.94693848e+02 6.13451538e+02 4.85232788e+02
    5.49379944e+02 4.76522400e+02 4.88286652e+02 4.68273376e+02
    4.30337250e+02 4.59937195e+02 3.75271027e+02 4.52961121e+02
    3.21616028e+02 4.44258606e+02 2.71001556e+02 4.37650299e+02
    2.22430893e+02 4.31187164e+02 6.77003479e+02 4.36538971e+02
    6.07380676e+02 4.27813477e+02 5.41086487e+02 4.19886017e+02
    4.78149292e+02 4.12829742e+02 4.18503174e+02 4.05886749e+02
    3.61366638e+02 3.99089020e+02 3.06815491e+02 3.93108917e+02
    2.54900909e+02 3.87220215e+02 2.05345001e+02 3.81871735e+02
    6.72459351e+02 3.74299774e+02 6.00102356e+02 3.67693176e+02
    5.32125122e+02 3.61090790e+02 4.66851929e+02 3.54850189e+02
    4.05653931e+02 3.48913116e+02 3.47259338e+02 3.43594574e+02
    2.91250397e+02 3.38389435e+02 2.37854538e+02 3.33557709e+02
    1.86368179e+02 3.28930389e+02 6.67932312e+02 3.07662933e+02
    5.93156555e+02 3.02433350e+02 5.22129395e+02 2.97451233e+02
    4.55590546e+02 2.92504669e+02 3.92019867e+02 2.88082001e+02
    3.32176819e+02 2.83779633e+02 2.74259155e+02 2.79762970e+02
    2.19683090e+02 2.76423401e+02 1.66773865e+02 2.72855042e+02
    6.63187805e+02 2.35235306e+02 5.84903076e+02 2.32339111e+02
    5.12469543e+02 2.28602798e+02 4.42491455e+02 2.25527115e+02
    3.77633545e+02 2.22857697e+02 3.15662079e+02 2.19902100e+02
    2.56448395e+02 2.17794510e+02 2.00282257e+02 2.15357513e+02
    1.46313400e+02 2.13229324e+02 6.57564331e+02 1.57436264e+02
    5.76300049e+02 1.56172165e+02 5.01402771e+02 1.54756332e+02
    4.29027191e+02 1.53464432e+02 3.61906830e+02 1.52795731e+02
    2.98484802e+02 1.52209946e+02 2.37359619e+02 1.51201920e+02
    1.78461212e+02 1.49705139e+02 1.24336227e+02 1.49433868e+02
    7.07965515e+02 4.45036072e+02 6.44974609e+02 4.56564117e+02
    5.83549438e+02 4.67138672e+02 5.25359497e+02 4.77160461e+02
    4.69342560e+02 4.86944855e+02 4.15698090e+02 4.96349823e+02
    3.63480774e+02 5.05323761e+02 3.13513824e+02 5.14352173e+02
    2.65419250e+02 5.23060181e+02 6.90811584e+02 3.76193573e+02
    6.28110657e+02 3.88275787e+02 5.66615906e+02 4.00347931e+02
    5.08549622e+02 4.11824890e+02 4.52970276e+02 4.22527435e+02
    3.99431549e+02 4.33114441e+02 3.47528687e+02 4.43535980e+02
    2.97966431e+02 4.54337616e+02 2.50149155e+02 4.64208313e+02
    6.73701904e+02 3.07554382e+02 6.11224365e+02 3.21040710e+02
    5.50005188e+02 3.33971710e+02 4.91902039e+02 3.46930023e+02
    4.36764526e+02 3.59025604e+02 3.83241791e+02 3.70958313e+02
    3.31615662e+02 3.82594421e+02 2.81979065e+02 3.93637177e+02
    2.34220963e+02 4.04147888e+02 6.56263672e+02 2.37737625e+02
    5.93016907e+02 2.52973206e+02 5.33073975e+02 2.67448273e+02
    4.75248962e+02 2.81789734e+02 4.20336639e+02 2.95042664e+02
    3.67109039e+02 3.07975952e+02 3.15505798e+02 3.20772491e+02
    2.66123993e+02 3.32910431e+02 2.18578400e+02 3.44804565e+02
    6.38628357e+02 1.68544586e+02 5.75701477e+02 1.84917526e+02
    5.15887329e+02 2.01181015e+02 4.58353149e+02 2.16344574e+02
    4.03378204e+02 2.31200119e+02 3.50619934e+02 2.45403732e+02
    2.99023071e+02 2.59307892e+02 2.50434692e+02 2.72627625e+02
    2.03067093e+02 2.85399994e+02 6.21115479e+02 9.77551727e+01
    5.58263306e+02 1.15983780e+02 4.98801910e+02 1.33164337e+02
    4.41395905e+02 1.51133469e+02 3.86732178e+02 1.66966629e+02
    3.33782166e+02 1.82629730e+02 2.82996063e+02 1.97632095e+02
    2.34031845e+02 2.12244141e+02 1.86132401e+02 2.26218216e+02
    5.20829651e+02 4.69333069e+02 4.72659576e+02 4.63609802e+02
    4.24597595e+02 4.57637360e+02 3.75642090e+02 4.51545471e+02
    3.26656158e+02 4.44438202e+02 2.78031219e+02 4.38704132e+02
    2.29455872e+02 4.33089996e+02 1.79293747e+02 4.27618713e+02
    1.30327042e+02 4.21753387e+02 5.27779541e+02 4.14235016e+02
    4.79724640e+02 4.08437164e+02 4.30885437e+02 4.02579102e+02
    3.81696014e+02 3.96305420e+02 3.33635712e+02 3.90362915e+02
    2.85201080e+02 3.84423370e+02 2.35710922e+02 3.78515747e+02
    1.85506668e+02 3.72814606e+02 1.36570847e+02 3.67440063e+02
    5.34759583e+02 3.60676727e+02 4.86051239e+02 3.54329895e+02
    4.37424072e+02 3.48323364e+02 3.89106293e+02 3.42602264e+02
    3.40852386e+02 3.36472076e+02 2.92075714e+02 3.30098480e+02
    2.42151367e+02 3.24228455e+02 1.92475876e+02 3.18238403e+02
    1.43708740e+02 3.12642731e+02 5.41125916e+02 3.06611938e+02
    4.93094635e+02 3.00271362e+02 4.45178497e+02 2.94116272e+02
    3.96254059e+02 2.88044952e+02 3.47338959e+02 2.82269714e+02
    2.98970947e+02 2.75947723e+02 2.49700165e+02 2.69621460e+02
    2.00479065e+02 2.63640503e+02 1.50170135e+02 2.57717743e+02
    5.48246521e+02 2.52621857e+02 5.00318451e+02 2.46513901e+02
    4.51486481e+02 2.39895599e+02 4.02540894e+02 2.33546814e+02
    3.54318542e+02 2.27704941e+02 3.05449463e+02 2.21866425e+02
    2.56165222e+02 2.15277756e+02 2.07140884e+02 2.09117767e+02
    1.56989166e+02 2.03115540e+02 5.55379517e+02 1.98330002e+02
    5.06594116e+02 1.92285568e+02 4.58200714e+02 1.85850677e+02
    4.09629517e+02 1.79462479e+02 3.60753540e+02 1.73219467e+02
    3.11595184e+02 1.67219879e+02 2.62556488e+02 1.61028229e+02
    2.14021301e+02 1.54653885e+02 1.63960770e+02 1.48101166e+02
    4.97424164e+02 5.09392487e+02 4.53708923e+02 5.00137085e+02
    4.09804016e+02 4.91237183e+02 3.64292480e+02 4.81619324e+02
    3.18388367e+02 4.72271362e+02 2.71440186e+02 4.62894379e+02
    2.23236923e+02 4.52792023e+02 1.73237946e+02 4.41930603e+02
    1.24024620e+02 4.31620361e+02 5.14595215e+02 4.64512177e+02
    4.71003723e+02 4.55043915e+02 4.26357422e+02 4.44302582e+02
    3.80491241e+02 4.34352142e+02 3.33706238e+02 4.24046814e+02
    2.86368347e+02 4.13862335e+02 2.37801651e+02 4.03266174e+02
    1.87271454e+02 3.92776459e+02 1.36752243e+02 3.82065430e+02
    5.32890564e+02 4.17981140e+02 4.88492981e+02 4.07645660e+02
    4.43302917e+02 3.97157104e+02 3.97085663e+02 3.86926666e+02
    3.49738129e+02 3.75906586e+02 3.01867004e+02 3.64684113e+02
    2.52110916e+02 3.53606934e+02 2.02507202e+02 3.42471008e+02
    1.50232742e+02 3.30769592e+02 5.51523438e+02 3.70594025e+02
    5.06626862e+02 3.59456085e+02 4.60850586e+02 3.48374359e+02
    4.13820770e+02 3.37041840e+02 3.66334686e+02 3.25780334e+02
    3.17511444e+02 3.14071075e+02 2.67787933e+02 3.02152527e+02
    2.16650650e+02 2.89848663e+02 1.63933929e+02 2.77541168e+02
    5.70545288e+02 3.21766815e+02 5.25127197e+02 3.10185822e+02
    4.78882629e+02 2.98508057e+02 4.31297241e+02 2.86667603e+02
    3.83183685e+02 2.74253632e+02 3.33748718e+02 2.61863983e+02
    2.83151733e+02 2.48948135e+02 2.32088547e+02 2.36278900e+02
    1.78258530e+02 2.23108963e+02 5.90068176e+02 2.71822723e+02
    5.44297607e+02 2.59452271e+02 4.97843018e+02 2.47114594e+02
    4.49302460e+02 2.34152466e+02 4.00597839e+02 2.21264664e+02
    3.50682220e+02 2.07803955e+02 2.99265137e+02 1.94101379e+02
    2.47085602e+02 1.80641068e+02 1.92983704e+02 1.66817001e+02</data></image_points>
</opencv_storage>
